0.000000000000000000
0.000451361057820619
0.000968108256918644
0.001546433804859657
0.002180477746974676
0.002862960933928067
0.003585903979158206
0.004341316821218332
0.005121765551614939
0.005920761324262166
0.006732958331158407
0.007554183152711520
0.008381339671174815
0.009212240772887606
0.010045413079149067
0.010879908925892048
0.011715145820788714
0.012550781358417648
0.013386622935074739
0.014222566827685218
0.015058559536660836
0.015894574623351688
0.016730589710042543
0.017566604796733391
0.018402619883424249
0.019238634970115097
0.020074650056805952
0.020910665143496800
0.021746680230187658
0.022582695316878513
0.023418710403569361
0.024254725490260216
0.025090740576951067
0.025926755663641922
0.026762770750332773
0.027598785837023625
0.028434800923714487
0.029270816010405334
0.030106831097096189
0.030942846183787041
0.031778861270477889
0.032614876357168747
0.033450891443859591
0.034286906530550457
0.035122921617241308
0.035958936703932159
0.036794951790623004
0.037630966877313862
0.038466981964004714
0.039302997050695565
0.040139012137386409
0.040975027224077282
0.041811042310768126
0.042647057397458984
0.043483072484149822
0.044319087570840687
0.045155102657531532
0.045991117744222383
0.046827132830913241
0.047663147917604100
0.048499163004294944
0.049335178090985803
0.050171193177676654
0.051007208264367498
0.051843223351058357
0.052679238437749208
0.053515253524440060
0.054351268611130911
0.055187283697821769
0.056023298784512621
0.056859313871203472
0.057695328957894323
0.058531344044585189
0.059367359131276033
0.060203374217966885
0.061039389304657743
0.061875404391348601
0.062711419478039446
0.063547434564730304
0.064383449651421135
0.065219464738111993
0.066055479824802851
0.066891494911493696
0.067727509998184540
0.068563525084875399
0.069399540171566257
0.070235555258257115
0.071071570344947974
0.071907585431638832
0.072743600518329676
0.073579615605020535
0.074415630691711379
0.075251645778402224
0.076087660865093082
0.076923675951783940
0.077759691038474785
0.078595706125165643
0.079431721211856501
0.080267736298547346
0.081103751385238190
0.081939766471929035
0.082775781558619907
0.083611796645310765
0.084447811732001624
0.085283826818692468
0.086119841905383313
0.086955856992074185
0.087791872078765029
0.088627887165455860
0.089463902252146718
0.090299917338837590
0.091135932425528435
0.091971947512219279
0.092807962598910124
0.093643977685600982
0.094479992772291840
0.095316007858982699
0.096152022945673529
0.096988038032364401
0.097824053119055260
0.098660068205746104
0.099496083292436963
0.100332098379127821
0.101168113465818679
0.102004128552509524
0.102840143639200368
0.103676158725891213
0.104512173812582085
0.105348188899272915
0.106184203985963788
0.107020219072654632
0.107856234159345477
0.108692249246036335
0.109528264332727179
0.110364279419418024
0.111200294506108924
0.112036309592799754
0.112872324679490599
0.113708339766181457
0.114544354852872302
0.115380369939563160
0.116216385026254018
0.117052400112944863
0.117888415199635735
0.118724430286326579
0.119560445373017424
0.120396460459708254
0.121232475546399113
0.122068490633089985
0.122904505719780843
0.123740520806471688
0.124576535893162532
0.125412550979853404
0.126248566066544249
0.127084581153235093
0.127920596239925910
0.128756611326616810
0.129592626413307627
0.130428641499998471
0.131264656586689316
0.132100671673380188
0.132936686760071088
0.133772701846761904
0.134608716933452777
0.135444732020143593
0.136280747106834466
0.137116762193525282
0.137952777280216182
0.138788792366906999
0.139624807453597871
0.140460822540288743
0.141296837626979588
0.142132852713670432
0.142968867800361277
0.143804882887052121
0.144640897973742993
0.145476913060433866
0.146312928147124710
0.147148943233815555
0.147984958320506399
0.148820973407197271
0.149656988493888116
0.150493003580578960
0.151329018667269805
0.152165033753960649
0.153001048840651493
0.153837063927342366
0.154673079014033210
0.155509094100724082
0.156345109187414927
0.157181124274105771
0.158017139360796616
0.158853154447487488
0.159689169534178332
0.160525184620869205
0.161361199707560049
0.162197214794250893
0.163033229880941738
0.163869244967632582
0.164705260054323455
0.165541275141014271
0.166377290227705171
0.167213305314396016
0.168049320401086888
0.168885335487777732
0.169721350574468577
0.170557365661159421
0.171393380747850266
0.172229395834541082
0.173065410921231982
0.173901426007922827
0.174737441094613671
0.175573456181304571
0.176409471267995416
0.177245486354686260
0.178081501441377105
0.178917516528067921
0.179753531614758766
0.180589546701449638
0.181425561788140483
0.182261576874831382
0.183097591961522227
0.183933607048213071
0.184769622134903916
0.185605637221594760
0.186441652308285660
0.187277667394976449
0.188113682481667321
0.188949697568358138
0.189785712655049010
0.190621727741739883
0.191457742828430727
0.192293757915121599
0.193129773001812416
0.193965788088503260
0.194801803175194160
0.195637818261885005
0.196473833348575877
0.197309848435266694
0.198145863521957566
0.198981878608648383
0.199817893695339283
0.200653908782030127
0.201489923868720971
0.202325938955411844
0.203161954042102688
0.203997969128793560
0.204833984215484377
0.205669999302175249
0.206506014388866038
0.207342029475556938
0.208178044562247755
0.209014059648938627
0.209850074735629499
0.210686089822320372
0.211522104909011188
0.212358119995702060
0.213194135082392933
0.214030150169083777
0.214866165255774649
0.215702180342465466
0.216538195429156338
0.217374210515847155
0.218210225602538027
0.219046240689228872
0.219882255775919744
0.220718270862610561
0.221554285949301433
0.222390301035992249
0.223226316122683122
0.224062331209374022
0.224898346296064866
0.225734361382755683
0.226570376469446555
0.227406391556137399
0.228242406642828244
0.229078421729519116
0.229914436816209933
0.230750451902900805
0.231586466989591705
0.232422482076282522
0.233258497162973366
0.234094512249664238
0.234930527336355055
0.235766542423045927
0.236602557509736772
0.237438572596427672
0.238274587683118461
0.239110602769809333
0.239946617856500233
0.240782632943191049
0.241618648029881922
0.242454663116572766
0.243290678203263638
0.244126693289954427
0.244962708376645327
0.245798723463336172
0.246634738550027044
0.247470753636717861
0.248306768723408705
0.249142783810099522
0.249978798896790394
0.250814813983481266
0.251650829070172111
0.252486844156863011
0.253322859243553911
0.254158874330244700
0.254994889416935600
0.255830904503626444
0.256666919590317288
0.257502934677008133
0.258338949763698977
0.259174964850389877
0.260010979937080666
0.260846995023771511
0.261683010110462466
0.262519025197153200
0.263355040283844100
0.264191055370534889
0.265027070457225788
0.265863085543916633
0.266699100630607477
0.267535115717298433
0.268371130803989222
0.269207145890680066
0.270043160977370911
0.270879176064061811
0.271715191150752600
0.272551206237443444
0.273387221324134289
0.274223236410825133
0.275059251497516033
0.275895266584206822
0.276731281670897722
0.277567296757588622
0.278403311844279466
0.279239326930970255
0.280075342017661100
0.280911357104352000
0.281747372191042844
0.282583387277733689
0.283419402364424533
0.284255417451115433
0.285091432537806277
0.285927447624497122
0.286763462711188022
0.287599477797878811
0.288435492884569655
0.289271507971260500
0.290107523057951400
0.290943538144642189
0.291779553231333089
0.292615568318023933
0.293451583404714778
0.294287598491405678
0.295123613578096522
0.295959628664787366
0.296795643751478155
0.297631658838169055
0.298467673924859900
0.299303689011550800
0.300139704098241644
0.300975719184932489
0.301811734271623333
0.302647749358314178
0.303483764445005022
0.304319779531695866
0.305155794618386711
0.305991809705077555
0.306827824791768455
0.307663839878459244
0.308499854965150144
0.309335870051840989
0.310171885138531833
0.311007900225222678
0.311843915311913578
0.312679930398604422
0.313515945485295267
0.314351960571986111
0.315187975658676955
0.316023990745367855
0.316860005832058700
0.317696020918749489
0.318532036005440389
0.319368051092131233
0.320204066178822133
0.321040081265512922
0.321876096352203767
0.322712111438894667
0.323548126525585455
0.324384141612276411
0.325220156698967144
0.326056171785658044
0.326892186872348833
0.327728201959039789
0.328564217045730578
0.329400232132421422
0.330236247219112267
0.331072262305803167
0.331908277392494011
0.332744292479184856
0.333580307565875700
0.334416322652566600
0.335252337739257444
0.336088352825948289
0.336924367912639189
0.337760382999330033
0.338596398086020822
0.339432413172711722
0.340268428259402622
0.341104443346093411
0.341940458432784200
0.342776473519474989
0.343612488606165944
0.344448503692856789
0.345284518779547633
0.346120533866238478
0.346956548952929378
0.347792564039620222
0.348628579126311067
0.349464594213001911
0.350300609299692756
0.351136624386383600
0.351972639473074445
0.352808654559765400
0.353644669646456189
0.354480684733147033
0.355316699819837878
0.356152714906528778
0.356988729993219622
0.357824745079910467
0.358660760166601311
0.359496775253292100
0.360332790339983000
0.361168805426673789
0.362004820513364745
0.362840835600055533
0.363676850686746378
0.364512865773437222
0.365348880860128178
0.366184895946819022
0.367020911033509867
0.367856926120200711
0.368692941206891556
0.369528956293582345
0.370364971380273189
0.371200986466964034
0.372037001553654934
0.372873016640345778
0.373709031727036678
0.374545046813727578
0.375381061900418422
0.376217076987109156
0.377053092073800056
0.377889107160490900
0.378725122247181689
0.379561137333872589
0.380397152420563378
0.381233167507254278
0.382069182593945178
0.382905197680636022
0.383741212767326867
0.384577227854017711
0.385413242940708611
0.386249258027399456
0.387085273114090300
0.387921288200781145
0.388757303287471989
0.389593318374162778
0.390429333460853734
0.391265348547544578
0.392101363634235422
0.392937378720926267
0.393773393807617167
0.394609408894308011
0.395445423980998800
0.396281439067689645
0.397117454154380489
0.397953469241071389
0.398789484327762178
0.399625499414453023
0.400461514501143923
0.401297529587834767
0.402133544674525611
0.402969559761216511
0.403805574847907356
0.404641589934598200
0.405477605021289045
0.406313620107979945
0.407149635194670734
0.407985650281361634
0.408821665368052367
0.409657680454743378
0.410493695541434112
0.411329710628125012
0.412165725714815800
0.413001740801506756
0.413837755888197656
0.414673770974888445
0.415509786061579400
0.416345801148270134
0.417181816234960978
0.418017831321651767
0.418853846408342723
0.419689861495033512
0.420525876581724412
0.421361891668415256
0.422197906755106156
0.423033921841797056
0.423869936928487789
0.424705952015178634
0.425541967101869478
0.426377982188560378
0.427213997275251167
0.428050012361942067
0.428886027448632912
0.429722042535323812
0.430558057622014601
0.431394072708705500
0.432230087795396345
0.433066102882087189
0.433902117968778034
0.434738133055468934
0.435574148142159723
0.436410163228850567
0.437246178315541356
0.438082193402232312
0.438918208488923156
0.439754223575614001
0.440590238662304845
0.441426253748995745
0.442262268835686645
0.443098283922377378
0.443934299009068278
0.444770314095759067
0.445606329182450023
0.446442344269140756
0.447278359355831767
0.448114374442522501
0.448950389529213401
0.449786404615904301
0.450622419702595145
0.451458434789285989
0.452294449875976778
0.453130464962667623
0.453966480049358523
0.454802495136049312
0.455638510222740156
0.456474525309431056
0.457310540396121956
0.458146555482812745
0.458982570569503645
0.459818585656194490
0.460654600742885278
0.461490615829576123
0.462326630916267078
0.463162646002957867
0.463998661089648767
0.464834676176339667
0.465670691263030456
0.466506706349721301
0.467342721436412145
0.468178736523102934
0.469014751609793834
0.469850766696484679
0.470686781783175523
0.471522796869866367
0.472358811956557267
0.473194827043248112
0.474030842129938956
0.474866857216629801
0.475702872303320701
0.476538887390011601
0.477374902476702390
0.478210917563393179
0.479046932650084134
0.479882947736774979
0.480718962823465823
0.481554977910156612
0.482390992996847456
0.483227008083538356
0.484063023170229145
0.484899038256920101
0.485735053343611001
0.486571068430301790
0.487407083516992579
0.488243098603683479
0.489079113690374268
0.489915128777065112
0.490751143863756012
0.491587158950446912
0.492423174037137701
0.493259189123828601
0.494095204210519390
0.494931219297210345
0.495767234383901134
0.496603249470592034
0.497439264557282934
0.498275279643973779
0.499111294730664568
0.499947309817355412
0.500783324904046201
0.501619339990737045
0.502455355077428001
0.503291370164118845
0.504127385250809579
0.504963400337500423
0.505799415424191268
0.506635430510882334
0.507471445597573068
0.508307460684263912
0.509143475770954756
0.509979490857645601
0.510815505944336445
0.511651521031027290
0.512487536117718134
0.513323551204409090
0.514159566291099823
0.514995581377790779
0.515831596464481734
0.516667611551172468
0.517503626637863312
0.518339641724554157
0.519175656811245001
0.520011671897935845
0.520847686984626579
0.521683702071317534
0.522519717158008490
0.523355732244699223
0.524191747331390179
0.525027762418081134
0.525863777504771868
0.526699792591462601
0.527535807678153557
0.528371822764844401
0.529207837851535245
0.530043852938225979
0.530879868024916934
0.531715883111607779
0.532551898198298512
0.533387913284989468
0.534223928371680423
0.535059943458371157
0.535895958545062001
0.536731973631753068
0.537567988718443801
0.538404003805134646
0.539240018891825379
0.540076033978516334
0.540912049065207179
0.541748064151898023
0.542584079238588979
0.543420094325279823
0.544256109411970446
0.545092124498661401
0.545928139585352246
0.546764154672043201
0.547600169758734046
0.548436184845424779
0.549272199932115734
0.550108215018806468
0.550944230105497312
0.551780245192188268
0.552616260278879112
0.553452275365569957
0.554288290452260912
0.555124305538951646
0.555960320625642601
0.556796335712333446
0.557632350799024290
0.558468365885715023
0.559304380972405979
0.560140396059096712
0.560976411145787668
0.561812426232478401
0.562648441319169246
0.563484456405860201
0.564320471492551046
0.565156486579241779
0.565992501665932735
0.566828516752623690
0.567664531839314424
0.568500546926005268
0.569336562012696223
0.570172577099387068
0.571008592186077801
0.571844607272768757
0.572680622359459601
0.573516637446150446
0.574352652532841290
0.575188667619532246
0.576024682706222979
0.576860697792913824
0.577696712879604557
0.578532727966295512
0.579368743052986468
0.580204758139677201
0.581040773226368157
0.581876788313059001
0.582712803399749735
0.583548818486440579
0.584384833573131646
0.585220848659822268
0.586056863746513224
0.586892878833204068
0.587728893919895024
0.588564909006585757
0.589400924093276601
0.590236939179967557
0.591072954266658401
0.591908969353349246
0.592744984440040090
0.593580999526730935
0.594417014613421668
0.595253029700112513
0.596089044786803357
0.596925059873494313
0.597761074960185157
0.598597090046876001
0.599433105133566846
0.600269120220257801
0.601105135306948646
0.601941150393639490
0.602777165480330224
0.603613180567021179
0.604449195653711913
0.605285210740402868
0.606121225827093713
0.606957240913784557
0.607793256000475401
0.608629271087166246
0.609465286173857090
0.610301301260547935
0.611137316347238779
0.611973331433929624
0.612809346520620468
0.613645361607311313
0.614481376694002157
0.615317391780693113
0.616153406867383957
0.616989421954074690
0.617825437040765646
0.618661452127456490
0.619497467214147335
0.620333482300838179
0.621169497387529024
0.622005512474219868
0.622841527560910824
0.623677542647601557
0.624513557734292624
0.625349572820983357
0.626185587907674202
0.627021602994365046
0.627857618081055779
0.628693633167746735
0.629529648254437579
0.630365663341128424
0.631201678427819157
0.632037693514510113
0.632873708601200957
0.633709723687891802
0.634545738774582646
0.635381753861273602
0.636217768947964446
0.637053784034655179
0.637889799121346024
0.638725814208036979
0.639561829294727713
0.640397844381418668
0.641233859468109513
0.642069874554800357
0.642905889641491091
0.643741904728181935
0.644577919814872891
0.645413934901563735
0.646249949988254468
0.647085965074945535
0.647921980161636379
0.648757995248327224
0.649594010335018068
0.650430025421709024
0.651266040508399757
0.652102055595090491
0.652938070681781446
0.653774085768472291
0.654610100855163135
0.655446115941853868
0.656282131028544824
0.657118146115235668
0.657954161201926624
0.658790176288617357
0.659626191375308424
0.660462206461999046
0.661298221548690002
0.662134236635380735
0.662970251722071802
0.663806266808762535
0.664642281895453380
0.665478296982144335
0.666314312068835179
0.667150327155525802
0.667986342242216757
0.668822357328907602
0.669658372415598446
0.670494387502289402
0.671330402588980135
0.672166417675671091
0.673002432762361824
0.673838447849052780
0.674674462935743624
0.675510478022434468
0.676346493109125202
0.677182508195816268
0.678018523282506891
0.678854538369197846
0.679690553455888802
0.680526568542579646
0.681362583629270380
0.682198598715961446
0.683034613802652180
0.683870628889343024
0.684706643976033646
0.685542659062724602
0.686378674149415557
0.687214689236106402
0.688050704322797246
0.688886719409488091
0.689722734496178935
0.690558749582869669
0.691394764669560735
0.692230779756251469
0.693066794842942424
0.693902809929633047
0.694738825016324113
0.695574840103014957
0.696410855189705691
0.697246870276396646
0.698082885363087602
0.698918900449778335
0.699754915536469069
0.700590930623160024
0.701426945709850980
0.702262960796541713
0.703098975883232447
0.703934990969923402
0.704771006056614469
0.705607021143305091
0.706443036229995935
0.707279051316687002
0.708115066403377735
0.708951081490068580
0.709787096576759313
0.710623111663450269
0.711459126750141113
0.712295141836831958
0.713131156923522802
0.713967172010213758
0.714803187096904491
0.715639202183595446
0.716475217270286291
0.717311232356977135
0.718147247443667869
0.718983262530358824
0.719819277617049669
0.720655292703740513
0.721491307790431358
0.722327322877122202
0.723163337963813158
0.723999353050503780
0.724835368137194846
0.725671383223885580
0.726507398310576424
0.727343413397267269
0.728179428483958224
0.729015443570649069
0.729851458657339913
0.730687473744030647
0.731523488830721713
0.732359503917412558
0.733195519004103291
0.734031534090794247
0.734867549177484980
0.735703564264175935
0.736539579350866780
0.737375594437557624
0.738211609524248469
0.739047624610939313
0.739883639697630047
0.740719654784321113
0.741555669871011958
0.742391684957702580
0.743227700044393536
0.744063715131084380
0.744899730217775224
0.745735745304466069
0.746571760391156913
0.747407775477847758
0.748243790564538713
0.749079805651229558
0.749915820737920291
0.750751835824611247
0.751587850911301980
0.752423865997992936
0.753259881084683669
0.754095896171374513
0.754931911258065469
0.755767926344756313
0.756603941431447047
0.757439956518138002
0.758275971604828958
0.759111986691519580
0.759948001778210536
0.760784016864901380
0.761620031951592336
0.762456047038282958
0.763292062124974025
0.764128077211664758
0.764964092298355713
0.765800107385046558
0.766636122471737291
0.767472137558428247
0.768308152645119091
0.769144167731809936
0.769980182818500780
0.770816197905191625
0.771652212991882358
0.772488228078573425
0.773324243165264269
0.774160258251955113
0.774996273338645958
0.775832288425336802
0.776668303512027647
0.777504318598718380
0.778340333685409225
0.779176348772100180
0.780012363858791025
0.780848378945481758
0.781684394032172825
0.782520409118863669
0.783356424205554402
0.784192439292245358
0.785028454378936091
0.785864469465627047
0.786700484552317780
0.787536499639008736
0.788372514725699580
0.789208529812390536
0.790044544899081158
0.790880559985772225
0.791716575072462958
0.792552590159153691
0.793388605245844647
0.794224620332535491
0.795060635419226447
0.795896650505917180
0.796732665592608136
0.797568680679299091
0.798404695765989936
0.799240710852680558
0.800076725939371514
0.800912741026062247
0.801748756112753314
0.802584771199444047
0.803420786286135002
0.804256801372825736
0.805092816459516691
0.805928831546207425
0.806764846632898380
0.807600861719589225
0.808436876806279958
0.809272891892970914
0.810108906979661647
0.810944922066352603
0.811780937153043447
0.812616952239734291
0.813452967326425247
0.814288982413116091
0.815124997499806825
0.815961012586497780
0.816797027673188514
0.817633042759879469
0.818469057846570314
0.819305072933260936
0.820141088019951892
0.820977103106642958
0.821813118193333580
0.822649133280024425
0.823485148366715380
0.824321163453406225
0.825157178540097069
0.825993193626787803
0.826829208713478758
0.827665223800169714
0.828501238886860447
0.829337253973551514
0.830173269060242247
0.831009284146933092
0.831845299233623825
0.832681314320315002
0.833517329407005625
0.834353344493696358
0.835189359580387314
0.836025374667078158
0.836861389753769114
0.837697404840459736
0.838533419927150803
0.839369435013841647
0.840205450100532492
0.841041465187223225
0.841877480273914180
0.842713495360605025
0.843549510447295758
0.844385525533986714
0.845221540620677558
0.846057555707368514
0.846893570794059136
0.847729585880750203
0.848565600967441047
0.849401616054131781
0.850237631140822625
0.851073646227513581
0.851909661314204425
0.852745676400895158
0.853581691487586114
0.854417706574276847
0.855253721660967803
0.856089736747658536
0.856925751834349492
0.857761766921040336
0.858597782007731070
0.859433797094422025
0.860269812181112759
0.861105827267803825
0.861941842354494558
0.862777857441185403
0.863613872527876358
0.864449887614567203
0.865285902701258047
0.866121917787948892
0.866957932874639736
0.867793947961330581
0.868629963048021536
0.869465978134712270
0.870301993221403225
0.871138008308094069
0.871974023394784914
0.872810038481475758
0.873646053568166714
0.874482068654857336
0.875318083741548292
0.876154098828238914
0.876990113914929870
0.877826129001620825
0.878662144088311670
0.879498159175002514
0.880334174261693359
0.881170189348384203
0.882006204435074936
0.882842219521765892
0.883678234608456736
0.884514249695147692
0.885350264781838314
0.886186279868529492
0.887022294955220225
0.887858310041910959
0.888694325128601803
0.889530340215292981
0.890366355301983603
0.891202370388674447
0.892038385475365292
0.892874400562056136
0.893710415648747092
0.894546430735437714
0.895382445822128781
0.896218460908819625
0.897054475995510470
0.897890491082201203
0.898726506168891937
0.899562521255583003
0.900398536342273736
0.901234551428964803
0.902070566515655647
0.902906581602346381
0.903742596689037114
0.904578611775728181
0.905414626862419025
0.906250641949109759
0.907086657035800714
0.907922672122491448
0.908758687209182403
0.909594702295873248
0.910430717382564092
0.911266732469254825
0.912102747555945892
0.912938762642636514
0.913774777729327470
0.914610792816018314
0.915446807902709048
0.916282822989400114
0.917118838076090848
0.917954853162781692
0.918790868249472537
0.919626883336163603
0.920462898422854336
0.921298913509545181
0.922134928596235914
0.922970943682926759
0.923806958769617492
0.924642973856308448
0.925478988942999403
0.926315004029690137
0.927151019116381092
0.927987034203071937
0.928823049289762892
0.929659064376453737
0.930495079463144692
0.931331094549835536
0.932167109636526381
0.933003124723217114
0.933839139809907959
0.934675154896598803
0.935511169983289648
0.936347185069980492
0.937183200156671448
0.938019215243362181
0.938855230330053026
0.939691245416743870
0.940527260503434825
0.941363275590125670
0.942199290676816514
0.943035305763507248
0.943871320850198314
0.944707335936888937
0.945543351023579781
0.946379366110270737
0.947215381196961581
0.948051396283652426
0.948887411370343381
0.949723426457034114
0.950559441543725181
0.951395456630415803
0.952231471717106870
0.953067486803797603
0.953903501890488226
0.954739516977179403
0.955575532063870359
0.956411547150560981
0.957247562237251715
0.958083577323942559
0.958919592410633514
0.959755607497324470
0.960591622584015092
0.961427637670706159
0.962263652757397003
0.963099667844087848
0.963935682930778692
0.964771698017469537
0.965607713104160381
0.966443728190851115
0.967279743277542070
0.968115758364232915
0.968951773450923759
0.969787788537614492
0.970623803624305448
0.971459818710996292
0.972295833797687137
0.973131848884378203
0.973967863971068826
0.974803879057759781
0.975639894144450626
0.976475909231141359
0.977311924317832204
0.978147939404523159
0.978983954491214003
0.979819969577904848
0.980655984664595470
0.981491999751286426
0.982328014837977492
0.983164029924668337
0.984000045011359181
0.984836060098050026
0.985672075184740981
0.986508090271431715
0.987344105358122448
0.988180120444813292
0.989016135531504026
0.989852306367092982
0.990688434753207114
0.991524441474840312
0.992360134671625316
0.993195083275226098
0.994028380756109442
0.994858232976279289
0.995681286708683388
0.996491610566812902
0.997279261553535634
0.998028432747044225
0.998715289456586941
0.999305756499220488
0.999753689843035476
1.000000000000000000
0.999973326640714588
0.999592736046137298
0.998772603173171847
0.997429385435661509
0.995489497043203553
0.992897094279222237
0.989620423004059058
0.985655541743825081
0.981026702308803955
0.975783329845365754
0.969994215693694262
0.963740036948593004
0.957105523856457086
0.950172485205598716
0.943014543663472815
0.935693958630385403
0.928260463133453562
0.920751716552712596
0.913194820073728541
0.905608343262804927
0.898004418075606381
0.890390610339359734
0.882771427816881671
0.875149438266838553
0.867526040922212638
0.859901965542968161
0.852277507952347801
0.844653050361727109
0.837028592771106528
0.829404135180486057
0.821779677589865476
0.814155219999244784
0.806530762408624313
0.798906304818003732
0.791281847227383150
0.783657389636762569
0.776032932046142099
0.768408474455521406
0.760784016864900825
0.753159559274280244
0.745535101683659662
0.737910644093039192
0.730286186502418500
0.722661728911797918
0.715037271321177226
0.707412813730556755
0.699788356139935952
0.692163898549315593
0.684539440958695011
0.676914983368074097
0.669290525777453738
0.661666068186833156
0.654041610596212575
0.646417153005591882
0.638792695414971412
0.631168237824350831
0.623543780233730249
0.615919322643109668
0.608294865052488976
0.600670407461868505
0.593045949871247924
0.585421492280627231
0.577797034690006761
0.570172577099386180
0.562548119508765487
0.554923661918145017
0.547299204327524436
0.539674746736903854
0.532050289146283273
0.524425831555662803
0.516801373965042110
0.509176916374421640
0.501552458783800947
0.493928001193180422
0.486303543602559785
0.478679086011939259
0.471054628421318677
0.463430170830698041
0.455805713240077459
0.448181255649456933
0.440556798058836407
0.432932340468215937
0.425307882877595300
0.417683425286974774
0.410058967696354248
0.402434510105733723
0.394810052515113141
0.387185594924492560
0.379561137333871979
0.371936679743251397
0.364312222152630871
0.356687764562010290
0.349063306971389598
0.341438849380769072
0.333814391790148490
0.326189934199527909
0.318565476608907328
0.310941019018286691
0.303316561427666109
0.295692103837045528
0.288067646246424947
0.280443188655804310
0.272818731065183839
0.265194273474563258
0.257569815883942677
0.249945358293322040
0.242320900702701514
0.234696443112080932
0.227071985521460351
0.219447527930839797
0.211823070340219244
0.204198612749598607
0.196574155158978053
0.188949697568357444
0.181325239977736863
0.173700782387116281
0.166076324796495700
0.158451867205875119
0.150827409615254510
0.143203156109396823
0.135579347808789247
0.127956472629676576
0.120335476526500701
0.112718116045043101
0.105107513922747114
0.097508982489642598
0.089931164442021941
0.082387496993636705
0.074897926621072322
0.067490689918178623
0.060203848471635964
0.053086156050418942
0.046196790930830636
0.039603550358331838
0.033379303693316972
0.027596822941228047
0.022322493944006077
0.017609759488232166
0.013493346640908174
